
===== E0 Overall =====
count    60.000000
mean      3.693888
std       0.935553
min       1.340000
25%       2.855000
50%       4.010000
75%       4.450000
max       4.750000
Name: mean, dtype: float64

===== E3 Overall =====
count    55.000000
mean      3.931229
std       0.851479
min       1.440000
25%       3.434700
50%       4.320000
75%       4.570000
max       4.820000
Name: mean, dtype: float64

===== E0 by person =====
        count      mean       std   min   25%   50%      75%     max
person                                                              
P0        3.0  4.262233  0.103368  4.16  4.21  4.26  4.31335  4.3667
P1        3.0  4.680000  0.040000  4.64  4.66  4.68  4.70000  4.7200
P10       5.0  2.394660  0.952498  1.34  1.76  2.44  2.60000  3.8333
P11       5.0  2.708000  0.507070  2.28  2.38  2.60  2.72000  3.5600
P12       5.0  2.928000  0.562245  2.30  2.52  2.80  3.44000  3.5800
P13       5.0  3.300000  0.393192  2.84  3.18  3.22  3.34000  3.9200
P14       5.0  3.184000  1.062770  2.10  2.36  2.94  3.88000  4.6400
P15       5.0  3.136660  0.727973  2.00  2.86  3.38  3.66000  3.7833
P2        3.0  4.733333  0.011547  4.72  4.73  4.74  4.74000  4.7400
P3        3.0  4.413333  0.030551  4.38  4.40  4.42  4.43000  4.4400
P4        3.0  4.473333  0.094516  4.40  4.42  4.44  4.51000  4.5800
P5        3.0  4.246667  0.046188  4.22  4.22  4.22  4.26000  4.3000
P6        3.0  4.106667  0.250067  3.82  4.02  4.22  4.25000  4.2800
P7        3.0  4.553333  0.080829  4.48  4.51  4.54  4.59000  4.6400
P8        3.0  4.653333  0.064291  4.58  4.63  4.68  4.69000  4.7000
P9        3.0  4.336667  0.359212  4.10  4.13  4.16  4.45500  4.7500

===== E3 by person =====
        count      mean       std   min     25%     50%     75%   max
person                                                               
P0        3.0  4.416067  0.021128  4.40  4.4041  4.4082  4.4241  4.44
P1        3.0  4.766667  0.075719  4.68  4.7400  4.8000  4.8100  4.82
P10       5.0  2.852000  1.182252  1.44  2.1400  2.5800  3.7800  4.32
P11       5.0  3.548000  0.737645  2.88  3.1000  3.1000  4.1000  4.56
P12       5.0  3.172000  0.986773  2.14  2.6400  2.7800  3.6600  4.64
P14       5.0  3.356000  1.132378  1.98  2.5800  3.2800  4.2000  4.74
P15       5.0  3.896000  0.420095  3.30  3.6200  4.1000  4.1600  4.30
P2        3.0  4.600000  0.173205  4.50  4.5000  4.5000  4.6500  4.80
P3        3.0  4.580000  0.020000  4.56  4.5700  4.5800  4.5900  4.60
P4        3.0  4.566667  0.133167  4.42  4.5100  4.6000  4.6400  4.68
P5        3.0  4.606667  0.023094  4.58  4.6000  4.6200  4.6200  4.62
P6        3.0  4.420000  0.080000  4.34  4.3800  4.4200  4.4600  4.50
P7        3.0  4.546667  0.100664  4.44  4.5000  4.5600  4.6000  4.64
P8        3.0  4.006667  0.061101  3.94  3.9800  4.0200  4.0400  4.06
P9        3.0  3.523133  0.157052  3.40  3.4347  3.4694  3.5847  3.70
